,tradeId,type1,datetime1,price1,type2,datetime2,price2,quantity,profit,equity,entryBarIndex,exitBarIndex
0,1,Entry Long,"20201203, 14:45:00",597.95,Exit Long,"20201203, 15:05:00",593.38,16,-73.12,-73.12,513,517
1,2,Entry Long,"20201207, 11:10:00",628.26,Exit Long,"20201207, 12:55:00",626.28,15,-29.7,-102.82,854,875
2,3,Entry Short,"20201209, 11:15:00",637.24,Exit Short,"20201209, 12:20:00",630.16,15,106.2,3.38,1239,1252
3,4,Entry Short,"20201211, 13:25:00",604.65,Exit Short,"20201211, 13:30:00",606.97,16,-37.12,-33.74,1649,1650
4,5,Entry Long,"20201214, 11:50:00",632.75,Exit Long,"20201214, 13:25:00",635.52,15,41.55,7.81,1822,1841
5,6,Entry Long,"20201214, 13:35:00",638.57,Exit Long,"20201214, 13:50:00",636.65,15,-28.8,-20.99,1843,1846
6,7,Entry Long,"20201217, 11:55:00",638.38,Exit Long,"20201217, 13:35:00",643.11,15,70.95,49.96,2399,2419
7,8,Entry Long,"20201217, 13:50:00",646.44,Exit Long,"20201217, 14:00:00",644.97,15,-22.05,27.91,2422,2424
8,9,Entry Short,"20201221, 12:15:00",656.98,Exit Short,"20201221, 12:35:00",659.88,15,-43.5,-15.59,2787,2791
9,10,Entry Long,"20201224, 11:15:00",661.79,Exit Long,"20201224, 11:45:00",662.88,15,16.35,0.76,3351,3357
10,11,Entry Long,"20201224, 12:15:00",663.6,Exit Long,"20201224, 12:40:00",660.45,15,-47.25,-46.49,3363,3368
11,12,Entry Long,"20201230, 12:50:00",684.3,Exit Long,"20201230, 15:20:00",688.26,14,55.44,8.95,3910,3940
12,13,Entry Long,"20201231, 12:10:00",714.47,Exit Long,"20201231, 14:20:00",712.78,14,-23.66,-14.71,4094,4120
13,14,Entry Long,"20210105, 12:25:00",736.71,Exit Long,"20210105, 12:55:00",735.39,13,-17.16,-31.87,4481,4487
14,15,Entry Long,"20210105, 13:00:00",738.2,Exit Long,"20210105, 13:30:00",738.73,13,6.89,-24.98,4488,4494
15,16,Entry Long,"20210105, 14:10:00",739.46,Exit Long,"20210105, 14:20:00",737.94,13,-19.76,-44.74,4502,4504
16,17,Entry Long,"20210106, 12:45:00",771.27,Exit Long,"20210106, 13:10:00",770.0,12,-15.24,-59.98,4677,4682
17,18,Entry Long,"20210107, 11:50:00",803.84,Exit Long,"20210107, 12:00:00",798.47,12,-64.44,-124.42,4858,4860
18,19,Entry Long,"20210107, 12:05:00",802.7,Exit Long,"20210107, 12:40:00",800.0,12,-32.4,-156.82,4861,4868
19,20,Entry Long,"20210108, 11:55:00",875.8,Exit Long,"20210108, 12:05:00",869.82,11,-65.78,-222.6,5051,5053
20,21,Entry Long,"20210108, 12:10:00",876.64,Exit Long,"20210108, 13:05:00",873.76,11,-31.68,-254.28,5054,5065
21,22,Entry Short,"20210111, 11:05:00",835.88,Exit Short,"20210111, 12:10:00",840.26,11,-48.18,-302.46,5233,5246
22,23,Entry Short,"20210111, 12:25:00",836.82,Exit Short,"20210111, 13:30:00",828.5,11,91.52,-210.94,5249,5262
23,24,Entry Short,"20210111, 14:50:00",825.62,Exit Short,"20210111, 15:25:00",809.48,11,177.54,-33.4,5278,5285
24,25,Entry Long,"20210112, 11:20:00",861.66,Exit Long,"20210112, 11:55:00",858.81,11,-31.35,-64.75,5428,5435
25,26,Entry Short,"20210115, 11:40:00",841.74,Exit Short,"20210115, 13:25:00",840.18,11,17.16,-47.59,6008,6029
26,27,Entry Long,"20210201, 12:55:00",832.81,Exit Long,"20210201, 13:05:00",828.28,11,-49.83,-97.42,7942,7944
27,28,Entry Long,"20210201, 13:10:00",830.6,Exit Long,"20210201, 13:20:00",828.65,11,-21.45,-118.87,7945,7947
28,29,Entry Long,"20210201, 13:55:00",832.9,Exit Long,"20210201, 16:00:00",840.01,11,78.21,-40.66,7954,7979
29,30,Entry Long,"20210202, 11:15:00",872.05,Exit Long,"20210202, 11:25:00",873.78,11,19.03,-21.63,8114,8116
30,31,Entry Long,"20210202, 12:15:00",876.52,Exit Long,"20210202, 13:20:00",874.7,11,-20.02,-41.65,8126,8139
31,32,Entry Short,"20210203, 11:30:00",855.46,Exit Short,"20210203, 11:40:00",859.8,11,-47.74,-89.39,8309,8311
32,33,Entry Long,"20210205, 12:55:00",860.75,Exit Long,"20210205, 13:35:00",856.58,11,-45.87,-135.26,8710,8718
33,34,Entry Short,"20210209, 12:05:00",848.29,Exit Short,"20210209, 12:15:00",850.08,11,-19.69,-154.95,9084,9086
34,35,Entry Short,"20210209, 14:20:00",844.27,Exit Short,"20210209, 14:40:00",846.01,11,-19.14,-174.09,9111,9115
35,36,Entry Short,"20210211, 13:10:00",808.49,Exit Short,"20210211, 13:15:00",812.92,12,-53.16,-227.25,9481,9482
36,37,Entry Short,"20210211, 14:05:00",808.44,Exit Short,"20210211, 14:50:00",811.86,12,-41.04,-268.29,9492,9501
37,38,Entry Short,"20210216, 12:20:00",796.84,Exit Short,"20210216, 12:25:00",799.13,12,-27.48,-295.77,9855,9856
38,39,Entry Short,"20210216, 12:35:00",798.81,Exit Short,"20210216, 12:55:00",802.13,12,-39.84,-335.61,9858,9862
39,40,Entry Short,"20210219, 14:15:00",781.71,Exit Short,"20210219, 15:05:00",781.68,12,0.36,-335.25,10454,10464
40,41,Entry Short,"20210219, 15:10:00",780.06,Exit Short,"20210219, 15:55:00",780.85,12,-9.48,-344.73,10465,10474
41,42,Entry Long,"20210224, 13:30:00",731.8,Exit Long,"20210224, 13:55:00",728.07,13,-48.49,-393.22,11021,11026
42,43,Entry Long,"20210301, 11:45:00",714.97,Exit Long,"20210301, 13:05:00",711.88,13,-40.17,-433.39,11576,11592
43,44,Entry Short,"20210302, 12:30:00",704.32,Exit Short,"20210302, 12:45:00",705.43,13,-14.43,-447.82,11777,11780
44,45,Entry Short,"20210302, 12:50:00",703.98,Exit Short,"20210302, 14:15:00",694.7,13,120.64,-327.18,11781,11798
45,46,Entry Short,"20210302, 15:00:00",695.03,Exit Short,"20210302, 16:00:00",686.05,13,116.74,-210.44,11807,11819
46,47,Entry Short,"20210303, 13:25:00",681.04,Exit Short,"20210303, 16:00:00",652.23,14,403.34,192.9,11980,12011
47,48,Entry Short,"20210304, 13:35:00",611.8,Exit Short,"20210304, 14:20:00",604.7,16,113.6,306.5,12174,12183
48,49,Entry Short,"20210308, 14:35:00",577.5,Exit Short,"20210308, 16:00:00",563.0,17,246.5,553.0,12570,12587
49,50,Entry Long,"20210309, 12:00:00",642.1,Exit Long,"20210309, 13:05:00",659.95,16,285.6,838.6,12731,12744
50,51,Entry Short,"20210316, 13:35:00",693.22,Exit Short,"20210316, 14:30:00",682.09,15,166.95,1005.55,13710,13721
51,52,Entry Short,"20210318, 13:30:00",672.87,Exit Short,"20210318, 13:45:00",673.38,16,-8.16,997.39,14093,14096
52,53,Entry Short,"20210318, 13:50:00",671.29,Exit Short,"20210318, 16:00:00",653.16,16,290.08,1287.47,14097,14123
53,54,Entry Long,"20210322, 13:00:00",697.49,Exit Long,"20210322, 13:10:00",694.41,16,-49.28,1238.19,14471,14473
54,55,Entry Short,"20210324, 14:05:00",647.57,Exit Short,"20210324, 16:00:00",630.11,17,296.82,1535.01,14868,14891
55,56,Entry Short,"20210326, 10:55:00",635.04,Exit Short,"20210326, 11:55:00",619.0,18,288.72,1823.73,15214,15226
56,57,Entry Long,"20210331, 11:25:00",659.42,Exit Long,"20210331, 11:45:00",656.23,17,-54.23,1769.5,15796,15800
57,58,Entry Long,"20210331, 12:10:00",659.4,Exit Long,"20210331, 12:40:00",664.2,17,81.6,1851.1,15805,15811
58,59,Entry Short,"20210407, 13:50:00",677.42,Exit Short,"20210407, 14:10:00",680.79,17,-57.29,1793.81,16593,16597
59,60,Entry Short,"20210407, 14:30:00",676.52,Exit Short,"20210407, 16:00:00",671.03,17,93.33,1887.14,16601,16619
60,61,Entry Short,"20210409, 12:15:00",673.27,Exit Short,"20210409, 12:20:00",674.18,17,-15.47,1871.67,16958,16959
61,62,Entry Long,"20210413, 11:30:00",735.58,Exit Long,"20210413, 16:00:00",762.32,16,427.84,2299.51,17332,17386
62,63,Entry Short,"20210414, 14:50:00",745.54,Exit Short,"20210414, 16:00:00",732.23,16,212.96,2512.47,17564,17578
63,64,Entry Long,"20210421, 14:05:00",727.95,Exit Long,"20210421, 16:00:00",744.12,17,274.89,2787.36,18515,18538
64,65,Entry Short,"20210422, 14:35:00",725.34,Exit Short,"20210422, 14:45:00",728.02,17,-45.56,2741.8,18713,18715
65,66,Entry Short,"20210422, 14:50:00",724.23,Exit Short,"20210422, 16:00:00",719.16,17,86.19,2827.99,18716,18730
66,67,Entry Short,"20210429, 12:55:00",673.48,Exit Short,"20210429, 13:45:00",674.99,18,-27.18,2800.81,19653,19663
67,68,Entry Long,"20210430, 12:30:00",704.52,Exit Long,"20210430, 13:25:00",714.23,18,174.78,2975.59,19840,19851
68,69,Entry Short,"20210503, 12:20:00",686.91,Exit Short,"20210503, 12:25:00",688.52,18,-28.98,2946.61,20030,20031
69,70,Entry Short,"20210503, 12:35:00",686.59,Exit Short,"20210503, 14:20:00",684.28,18,41.58,2988.19,20033,20054
70,71,Entry Short,"20210504, 10:50:00",666.95,Exit Short,"20210504, 12:15:00",665.65,19,24.7,3012.89,20204,20221
71,72,Entry Short,"20210504, 12:35:00",662.35,Exit Short,"20210504, 13:10:00",665.6,19,-61.75,2951.14,20225,20232
72,73,Entry Short,"20210505, 13:35:00",672.35,Exit Short,"20210505, 13:50:00",674.68,19,-44.27,2906.87,20429,20432
73,74,Entry Short,"20210505, 14:05:00",671.99,Exit Short,"20210505, 14:50:00",673.81,19,-34.58,2872.29,20435,20444
74,75,Entry Short,"20210510, 11:35:00",643.84,Exit Short,"20210510, 12:15:00",647.56,19,-70.68,2801.61,20981,20989
75,76,Entry Short,"20210510, 12:35:00",643.88,Exit Short,"20210510, 14:20:00",635.27,19,163.59,2965.2,20993,21014
76,77,Entry Short,"20210513, 12:25:00",574.15,Exit Short,"20210513, 12:35:00",578.5,22,-95.7,2869.5,21567,21569
77,78,Entry Short,"20210513, 12:45:00",574.77,Exit Short,"20210513, 13:40:00",562.65,22,266.64,3136.14,21571,21582
78,79,Entry Short,"20210517, 14:15:00",566.6,Exit Short,"20210517, 14:55:00",567.5,22,-19.8,3116.34,21973,21981
79,80,Entry Long,"20210520, 10:45:00",579.91,Exit Long,"20210520, 11:45:00",579.44,22,-10.34,3106.0,22507,22519
